home_position:
  wrist_1_joint: 0.3846033811569214
  wrist_3_joint: -1.516322437916891
  shoulder_pan_joint: -1.606880489979879
  wrist_2_joint: 1.570675730705261
  shoulder_lift_joint: -1.203630749379293
  elbow_joint: -2.372458044682638