home_position:
  wrist_1_joint: 0.4180366992950439
  wrist_3_joint: -2.711905304585592
  shoulder_pan_joint: -1.486904923115866
  wrist_2_joint: 1.836276531219482
  shoulder_lift_joint: -1.995588604603903
  elbow_joint: -2.166249577199117