home_position:
  wrist_1_joint: -0.6546824614154261
  wrist_3_joint: -3.103837792073385
  shoulder_pan_joint: -1.456546608601705
  wrist_2_joint: 1.692310452461243
  shoulder_lift_joint: -1.809001747761862
  elbow_joint: -1.939050976430075