home_position:
  wrist_1_joint: 0.4056026935577393
  wrist_3_joint: -1.515950981770651
  elbow_joint: -2.381873194371359
  shoulder_pan_joint: -1.605011288319723
  wrist_2_joint: 1.56864857673645
  shoulder_lift_joint: -1.184089485798971